8176289484
6983260707
5871140322
6769730500
6634411825
8131054086
5822478190
6322965030
7942285336
7133064260
6290240033
7789002565
7167860826
7198908034
6886455149
7639326655
1303186260
5156358099
5380271174
5259683967
6985574374
5650071938
5864035780
6781466301
6198404299
7289974062
2016591068
5024400333
6748414029
1785470091
1402518864
7875058777
7122839229
5468098171
6816953305
5231968425
8119136288
1803101720
1858496781
6511156096
6769576344
7334241886
8176780058
6025954803
7600193094
7252509285
7092510243
7809240835
6079228785
7633915303
5463088646
5984229134
7805243957
1956021680
6399434804
7293452362
6620965721
6359658090
8078593574
5811288322
6989256149
6351605773
5957754360
6188138527
7734562969
6861628764
6381588818
6084873974
6876676435
1478137702
7255917234
6442628199
6997829405
2128083307
7554381248
8051688256
7816992686
5903978444
1425141560
8062252129
6020574133
6319875032
7842467174
6753931145
1446109559
7669267565
6489210190
6052773956
5328758683
1568336585
777000
7391298033
8029283319
6494887213
7974361539
7709477330
7351730874
7147016562
5765609868
7389882849
7903671288
7019431417
7851421545
7217615435
5173336412
5650747789
5542792030
8101681136
5094540706
6086176455
7794867631
1762166614
6605391087
6154238572
6644339685
7634600638
6378988357
7215482771
6737133418
5081260212
7668209688
7047523722
1864373991
5226559104
7846679937
7950785113
7268369607
1285680478
7970926391
6762351386
5892614738
6636991879
5943082427
8164035559
5970557620
1074271588
5899507124
2038598713
5357236634
7578980904
6080054444
1108438274
6171092552
5373691778
2109117698
7490218017
7624820982
5286073126
1418019871
5569029808
7920242931
5058033266
6322226694
5164717532
7577077823
5186256202
6218833606
7666053484
6537526371
7271864364
7901788321
5819678496
6392640632
1837621843
5775924832
5770131699
5484720080
5257831205
6716747875
1739963301
7203745253
8175841622
1733251431
5765259287
7600832735
5797597272
8193116123
7278887604
6971486283
7661796138
7860020862
7761497095
5748213425
1396514108
5980621229
1124767066
6751241893
-1002570352396
-1002570352396
7501029552
6092291768
6702804572
5307736526
6927612303
8012399520
6038549887
5321083204
6657408041
7412484513
6850972826
7039733571
1962259172
7022111361
5765196139
8101432094
7339243371
1342223343
855099234
1691665797
6818939995
1955884103
1993627051
5438849163
6754881531
6698248400
7954231208
7798042725
980457982
6743317122
6680157909
6999689237
7709771041
8032162546
1842195451
7996589016
5830091360
6633399398
7554104291
5074182877
6167622241
5515643870
6719126918
5040046011
7443241706
5673374928
7207155075
7649751132
7863121576
6479937083
5488174958
5795559669
6992537152
6212666333
6282204611
1667820071
1471118108
6144896906
1775920241
7385079123
1509304305
6051301949
7308341939
8101584759
5722449313
5229941590
5039224467
7413286110
1247807375
2106022989
7012179650
7507851973
5525954238
6784931335
7510892689
7379178173
8012114082
7208610809
5863605058
5605187978
5717233205
6508042442
7896991608
1886077631
6422528150
7312710508
6854053652
7680275882
7954094096
5900989907
6945263469
5636648688
5212227163
6406984545
6549790793
7437930335
7574843383
5084325690
7900125917
7614517289
6176868506
1738540838
7608402107
6960223343
5832576548
5483492199
7508199122
7555677578
5910939231
5424213920
5975716691
7242979732
-1002570352396
-1002570352396
7554233180
6682932830
6072224490
6076495281
7234090716
6046775359
7383507242
7212047886
2012307592
6112247995
7514993648
5803085772
1834372160
6275618023
6274093498
6754212542
5369385772
2045301869
6291683585
5514961952
5265477433
-1002570352396
-1002570352396
6785172366
2033725312
1694142350
7191331234
8190926331
5679153622
6502858907
7839495636
6612130808
5071842851
5785093409
7572361621
6544150645
5651878472
7908201630
5213206097
7404539135
5791543707
7063342673
6621377405
6015547465
7693245429
5511551935
5723719378
7927605846
1673051730
868727464
7633190274
1286103334
7383972722
6147545752
7691398873
5103464596
7653046168
7646496246
7291914698
7781658008
8082163683
5828377953
7858335867
8150514391
8028480546
920179810
5025548358
2008395953
5140463780
7647489844
5636226814
6628727165
7005245511
7694543728
7547570434
7300486636
7675302567
1701576545
6357427767
5168961283
5605692808
6597448907
8073107455
7187443355
7195749503
-1002570352396
7280450461
7087396117
6491716487
1719314139
-1002570352396
-1002570352396
-1002570352396
5487321833
7729610998
7905629665
5605329417
7664402666
7886215064
6166377081
7744333484
7860344051
6186324409
7839130755
1269728432
5329513442
7232198780
6330289257
8117248915
6271668809
6208702866
6322830261
7944297212
5415851992
6613184398
7723013539
6792488116
7336720290
6247002094
7965828250
5873773470
6628055737
7194143784
7747431372
5857551743
6565835534
-1002570352396
5953435193
7742942550
5901388253
7427169749
7548087734
7878735348
6578958790
6616303376
7734511972
7524963548
7258250158
7871945588
7755776406
780165013
6380576714
6017910788
6473879065
1384906556
5887842379
7770582055
7184128830
7552375783
5286041989
5480199363
7470647893
5466782581
8021865127
8110165690
7902892154
5689249138
-1002570352396
-1002570352396
7814312357
6682609632
8046589843
5424788310
7821843555
6842053113
7504755970
5876028313
7653742547
5170362364
7282682976
7846211797
1056501060
6840855606
7120626791
7609495176
6481347881
6809874545
7712931258
7073793823
7646416397
8078536854
7718726394
7922923442
6252230833
7191728234
5156112270
1349042533
1426762225
5095914903
-1002570352396
5972731311
6085642405
7191843599
6948851886
7466679142
2057405979
1845718363
6737309719
6382562370
7711532110
5926731984
6982628667
7976274076
5230107294
5264167618
5863108144
6779652228
7559930850
6748992254
-1002570352396
6882364731
6080822221
1155551703
-1002570352396
6099625844
7140887375
7621482789
6908270925
8111623021
5904793063
-1002570352396
1044359053
7072375655
6414930558
6083404798
7307504734
1657558603
5273432275
7382418630
7455181077
8088834518
5283199381
-1002570352396
7683391527
1439570427
1752660223
5334720570
6214823177
6194746481
6526112638
8027755497
7866947927
6618511585
6449454082
-1002570352396
5328003362
8114756401
6403035295
6232778072
7378122505
6676673604
1429412135
5690127148
992008800
6443518211
7667377677
7559889077
6561144265
6481006447
1286788749
7920819215
1078086225
5469723460
7207511325
-1002570352396
7163617645
6298283358
-1002570352396
7520214524
6387627186
7550116401
6931068773
6252286779
5831910838
6276566044
7657849157
7234047209
6131778342
8084568785
6880169040
5381032053
5079560742
7063664611
7095509686
7421837050
6362220737
7727150963
1846968151
7864538838
6568331155
-1002570352396
8020576630
8060715757
1438965564
7304546422
-1002570352396
-1002570352396
8713988
6854091237
7613142865
7439354382
8197816064
7947557110
5412681280
6044108997
7632171433
5381944487
7877855626
-1002570352396
1075245846
5352006149
5901628047
6135161801
5541295838
5649100536
-1002570352396
5501045810
6074952461
5250858766
5716970950
1414521773
7625516009
7769936587
7286527078
6120966787
5997582927
7622602955
1179573770
7349553927
7950014710
-1002570352396
1825255985
7746772686
6298171232
7116318226
6575073371
5695228025
1642949176
6514515499
8103155464
2115099409
6113741624
7646802393
7589451330
6464835561
5718924267
6303816392
5195157179
1372702127
1527696497
8134316146
5058208001
5980267902
6463181785
1422955084
5514186308
7160489261
6197277779
7155653882
5501824905
1499919176
1241995023
7503753075
5038953226
6631205449
5404385269
5296208349
5180942452
6827392156
1577592456
7649959951
5215125756
1317987832
1385989468
2113758480
8048456043
5436645069
5898730242
7174735088
1706064422
6010422454
7822018166
7713476209
5915089760
6164415129
7454909687
6850169922
6041403702
5012485090
6048539714
-1002570352396
8118108377
-1002570352396
8080387957
7114185891
7182498584
655529863
5600467195
6833753373
5401806108
7349907444
6885311942
8011990565
7093972543
6131968514
6420941317
5784216527
1987068083
1300822360
8022960543
7989589478
7057806069
5973787358
7576822575
1991607873
6604793021
1854908465
8058492900
6176569507
5147493784
6977737492
7842397018
7725930358
7770910311
7208905268
5241010072
7830387181
5449179791
7043278910
7549229540
6055721582
6611991457
6186997992
8188751460
8014608584
5246399378
7424611365
-1002570352396
-1002570352396
6381272782
6382667610
6294778599
6009026814
7346870573
6968893462
6087426966
7095190168
5280445752
7377895534
1993915294
5235524248
6030842774
7173874181
7301480612
5714546361
5876408251
-1002570352396
7643188561
6332074066
6810984049
5316288395
7004135258
7258744565
5579178647
7400112595
1072984735
1878335947
7069571560
5521012283
7487868785
6767667920
7168496531
7700245135
6493213563
5531990968
6772745871
7498365676
1059240505
5948829635
7926701724
6085012093
6988111740
6431418346
-1002570352396
5143564465
5656919267
7223722151
7701503090
7912540763
8180778749
6326953947
5783572528
5938798331
8059438758
6210888393
7103826648
5474855993
7523233910
1223008463
1540642308
1703313771
7723048586
5570997561
7083635058
7866883337
-1002570352396
8167952726
7024228061
7314495036
1140703979
5781519506
5355997570
5008027403
5702183690
6483927627
5473826711
6116403405
6725218784
6686526460
7596591760
7113283726
6589827496
5333303309
5196651620
5112162374
6912246827
1015540843
5297973228
7997747709
7764830585
7335981568
5210305193
5140791376
6965536453
-1002570352396
5820366848
7973829355
5234948996
6433995044
7940662969
7648191234
8130187680
7309682909
1013086787
7655906100
7886892117
7657529831
6328885199
8027075217
6330447014
-1002570352396
-1002570352396
-1002570352396
6040722373
7544704512
6278383159
6767675192
5013403503
7747872715
6005457601
7797884645
7093426331
7099355542
-1002570352396
-1002570352396
7220281149
6129683306
6774054283
8045475504
7767283633
5120741418
5550798340
6797984034
7818318252
7400533781
7757673688
5337400492
1799743053
7876775613
7684439553
5058987786
6417979943
-1002570352396
7631435150
5539379829
1658419477
7087986473
6953901925
7659474219
8164777383
7775972844
8074601892
5838508362
6620628358
8052465276
1973063456
5421621987
6092022790
1297363184
5988988947
5272644505
5556423682
5648289277
7213867120
1569024235
-1002570352396
7351899764
7088685459
5750228151
1067197824
1415942579
5067675725
2094517697
7084571670
1145512966
5496226172
6968338939
7848658717
6621317279
1643929492
5466407392
5911052458
5215262386
7434751266
1631215633
1992742191
5282747217
6737306855
7078417447
1856464065
5459113349
6745605641
5675236975
2105731415
7882321874
8149176737
8113134454
6356381522
5803443972
5057136617
6493930198
6575495968
5771572725
7292395009
1915783037
7954425598
7509502221
5477276002
6379205032
7768540867
7226425490
5696616639
7329541435
5988835115
6724903953
1411247753
6184307342
5897971803
6078925703
6211897598
827034873
8076487535
5021560171
1997780448
5930563725
6294377647
6011499830
7071528845
1312803787
7074826922
872889809
-1002570352396
5495465210
7011819027
7668855951
5767202187
5639115111
7103665138
7551762233
7913000931
5055557750
7133484534
6209251350
6502596541
2112349537
5142344309
7947673376
7522052050
5294477672
5522165724
7016844223
-1002570352396
5127780390
7032321745
6226943029
7793844592
7606425154
6527110021
6392169273
6429536362
5229638372
7907626125
6367295317
6654195420
7252143643
5842919833
7317288254
8123011824
6505559610
6306057191
7695305761
6912073444
8081607911
6264052900
8027710819
5347267902
6904233695
6655418085
5417772805
6585053286
5593086080
5097438222
5766625629
6232019013
7275210667
6894814969
6990672758
7660944487
7672513453
1472461231
6932026296
6592843774
5878943709
7737364711
-1002570352396
7685475674
5509381886
5219291658
5409814211
1945096071
5009912985
7145594049
6228796025
5908019606
7575429824
8051123247
5109673031
7085257569
713861602
5113649688
7165717428
6843375434
1237087543
5557677758
6556111539
7274443708
7576638352
6303692016
7672641740
-1002570352396
5061939388
6577776748
7760240606
5786530023
7932977869
1405190822
7823553731
-1002570352396
-1002570352396
5074561059
5284194352
7007931013
2083112969
6969847369
1876067914
7130295732
7768875616
-1002570352396
5312588846
6175440127
6138730017
7672537692
6674817871
7554854963
1710982998
5233466399
7576898810
6890066679
8051983367
7928734406
5709680882
5813274973
6329026548
1872946443
6381150466
7232979643
-1002570352396
5982666484
7359199124
7618977144
7376250628
6889419555
7319588054
6613975419
6301566164
5485477242
5922226796
5077489862
5295049789
7529714675
7586840213
7404582136
6693556999
6506273290
6655801403
7290498572
7737253389
8076268106
7746361158
7680030876
5840983013
7079807132
7278911767
6344217172
6662309361
7298943284
5333236306
6629735888
5835729454
5842635119
1506043910
7086987999
7378408942
7578684370
6432067014
7876984220
6863659272
-1002570352396
7958674661
1752479395
7896940600
6748279641
7578007787
5119464173
5518518793
7273931928
7755696646
6417449436
7897979780
6038429060
7096581338
7785852164
7365227030
7808247662
8116547940
1945936139
6050671218
6053654598
-1002570352396
6216370431
6504828726
1729565893
6415323650
5796640254
7834617360
7641318881
5131708311
5471203790
7052553533
2138647568
-1002570352396
7862263735
-1002570352396
5398449824
7407866905
7034547525
8107298474
7808519599
1974976388
6502819064
1320009981
5778514614
6358126544
6851916572
6508705783
1317831816
7721518449
5813464328
5134118436
7908109883
6040689325
6265754323
5339703427
8113414056
1458429777
7647460729
-1002570352396
7349655824
6043315733
5777426662
6958217818
6655234597
5498296051
7358693261
1914180794
707667667
7863049888
5464804097
1673506249
1336665499
6927447406
6465038250
5433935980
7045793074
6640910140
8191892240
8056685956
7649012254
8107108635
1675169282
-1002570352396
7303058357
1449718683
5105348199
8163267470
7330127805
7328110239
5543082751
7499964751
6978609042
6872418681
6730282366
6396822601
7882235183
1437986948
1407063693
5738976671
5039743938
6762273732
7760226114
-1002570352396
8109238694
1503100421
7389283216
1927567620
5732124487
5198943008
673127258
7248740652
8027212051
7624669028
5143412055
6921747086
6867260237
7404059302
5517205289
7205969285
7315691425
6467743101
7387689894
6103779363
6725431207
7125255684
6498914447
7904493444
7362175153
6924868296
1227162888
7865288263
5416851608
7779166766
7079660127
7146600022
5396738837
7817509111
7784666370
5267087439
7372577997
6278477928
7473851129
7978701641
6633037453
6904632697
6957761799
975223254
5492621316
7757804049
7335927045
8130650470
1241162297
7994281840
6348458509
8110098333
7909581187
6670753035
6272300282
6553721453
6936793336
7655647342
7545506648
5901088638
7834536675
6679921733
5024969130
543124986
5241228072
6416709622
5747046706
7482684205
7837770590
6969545661
6722407197
5432809219
6453701860
7501699340
5450615860
6836149758
6864419871
5165921690
1562901856
7624172341
6037186375
6899370003
1483996123
6946541411
5517911797
7770588047
8007083748
1670084610
7255510864
1970092450
5456838622
7678692124
7920286956
1798976701
6781625382
7780391851
7516057624
1683724418
-1002570352396
7627899641
6077562055
5234520250
7602881368
2073012656
7228359082
7754340510
7305631853
1197988577
7223709464
7074960695
5204479255
1795501417
7452066681
7699655454
8050750552
6344180413
7865151496
6571812398
7816368144
5194972367
5633817377
7876488808
7442452070
7408507694
7070498359
7752324065
-1002570352396
