7709477330
7974361539
6494887213
8029283319
7391298033
777000
1683017064
7351730874
7147016562
7389882849
5765609868
7217615435
7903671288
7019431417
7851421545
5173336412
6737133418
7215482771
7794867631
6378988357
7634600638
6644339685
6154238572
6605391087
1762166614
6086176455
5094540706
5542792030
8101681136
5650747789
-1002365712003
-1002464448053
-1002365712003
-1002464448053
5226559104
7668209688
1864373991
7047523722
-1002365712003
-1002464448053
-1002365712003
-1002464448053
7846679937
-1002365712003
-1002464448053
7970926391
1285680478
7268369607
7950785113
-1002365712003
-1002464448053
-1002365712003
-1002464448053
7501029552
6751241893
1124767066
5980621229
1396514108
5748213425
7761497095
7661796138
7860020862
6971486283
7278887604
7203745253
8193116123
5797597272
7600832735
5765259287
1733251431
8175841622
1739963301
6716747875
5257831205
5484720080
5770131699
5775924832
1837621843
6392640632
5819678496
7901788321
7271864364
6537526371
7666053484
6218833606
5186256202
7577077823
5164717532
6322226694
5058033266
7920242931
5569029808
1418019871
5286073126
7624820982
7490218017
5373691778
6171092552
1108438274
7578980904
5357236634
2038598713
5943082427
5899507124
1074271588
5970557620
8164035559
6762351386
6636991879
5892614738
6080054444
2109117698
-1002570352396
-1002570352396
6809535427
7242979732
5975716691
1691665797
5424213920
5910939231
7555677578
7508199122
5483492199
5832576548
5948829542
6960223343
5307736526
7608402107
1738540838
6176868506
7614517289
7996589016
7900125917
5084325690
7574843383
5212227163
7437930335
6549790793
6927612303
6406984545
5636648688
6945263469
7954094096
5900989907
6854053652
7680275882
7312710508
6422528150
1886077631
7896991608
5562387866
1509304305
6508042442
7379178173
5717233205
5040046011
5605187978
5863605058
7208610809
8012114082
7510892689
6784931335
5525954238
7507851973
7012179650
2106022989
1247807375
7413286110
6698248400
5039224467
6144896906
5722449313
8101584759
7308341939
6051301949
7385079123
1775920241
1471118108
1667820071
6282204611
6212666333
5488174958
6992537152
5795559669
7863121576
6479937083
7649751132
6092291768
5673374928
7207155075
7443241706
6850972826
7554104291
6719126918
5515643870
6167622241
5074182877
6633399398
5830091360
1842195451
8032162546
6038549887
7709771041
6818939995
6999689237
6680157909
6743317122
7954231208
6754881531
1955884103
1993627051
1342223343
7339243371
855099234
8101432094
6965082562
5765196139
7022111361
1962259172
7039733571
7412484513
6657408041
8012399520
6702804572
-1002365712003
-1002464448053
1674712681
5460470894
5512904921
5229941590
-1002570352396
-1002365712003
-1002464448053
7980597189
5265477433
6274093498
5514961952
6291683585
2045301869
6076495281
7554233180
5369385772
6754212542
6275618023
1834372160
5803085772
7514993648
7212047886
6112247995
2012307592
6046775359
7383507242
7234090716
6072224490
6682932830
8131054086
7025279164
5060921134
7672824851
7361820068
5038375330
8010550202
6591675593
6406491812
-1002570352396
-1002365712003
-1002464448053
1703016664
6052230330
1887743637
6446487747
6854466810
5947888021
7528731789
8155664955
977990845
5777595504
1946451718
7341794727
1875411486
6658427269
7659772823
6343086301
6239947794
7554329777
8108922490
-1002570352396
-1002365712003
-1002464448053
-1002570352396
7187443355
7195749503
5605692808
8073107455
6597448907
6015547465
6612130808
7646496246
5168961283
6357427767
1701576545
7675302567
7547570434
7300486636
7694543728
7005245511
6628727165
5636226814
7653046168
7647489844
5140463780
7781658008
2008395953
5025548358
920179810
8150514391
8028480546
5679153622
7858335867
5828377953
8082163683
7291914698
7404539135
5213206097
5103464596
7691398873
6147545752
7383972722
1286103334
868727464
7633190274
1673051730
6276928423
7927605846
5723719378
7693245429
5511551935
6257125875
6621377405
7063342673
5791543707
6544150645
7908201630
7572361621
5785093409
8190926331
5071842851
6502858907
7839495636
7191331234
5664888176
7781678054
1571842402
6860852408
7916008351
1222461879
6923228592
7961962495
6566758746
-1002365712003
1902450460
5023232571
6238373703
7080732999
7505494073
1201950109
6483601568
7987152262
7185571667
7699328175
5267998572
6156638881
5619963399
5183553713
7039541166
6844866730
6050689232
5314451471
6323444039
8119471729
1488143244
5565871907
6519635340
6767619233
6370025108
6918791813
6511114804
2107234083
7474344456
6102803318
6100689154
8105617881
7588803142
5519902062
7114455754
5116525802
5194273343
7281051711
6452860327
6878722810
5318913432
1948093471
6263112796
7084975451
6477013852
6290823244
7451381530
6062300292
7277592933
7739096777
1451130781
6655675009
7133521249
7288881995
7406344374
7597232738
6195478214
7915210369
7892281784
7272496950
6262360544
941740237
7771297644
5911222292
7242946214
6454617694
5009387007
6276964103
7160048412
5153150177
6172767650
7538343094
7960288951
5643017657
7746227864
7039192230
6821497621
7615422562
5806293982
7066013057
5291444095
5640771036
7816024041
5043792379
6224023245
7514746636
7396971445
5582835319
7954846471
6659120495
7241190903
6259540586
5979776373
8159885865
5530764457
6946577454
7334821780
7889805430
5714299661
7090772763
-1002464448053
-1002570352396
1719314139
6491716487
7280450461
7087396117
2033725312
6785172366
5651878472
1694142350
-1002365712003
1755076923
5978240423
-1002464448053
5277139254
7893974105
7893918851
-1002365712003
-1002570352396
-1002464448053
6717109265
6158371274
8023601885
5683643122
2114496175
1956021680
-1002570352396
-1002365712003
-1002464448053
5415851992
7839130755
-1002570352396
6565835534
7194143784
7336720290
5857551743
7747431372
6186324409
5873773470
6628055737
7965828250
6247002094
7723013539
6792488116
6613184398
6208702866
7944297212
6322830261
6463177307
5487321833
6330289257
6271668809
8117248915
7232198780
1269728432
7860344051
5329513442
7744333484
7905629665
7886215064
6166377081
7664402666
5605329417
7729610998
1936316631
7640385701
1584634117
5602329749
7135147357
5872355399
5225514881
7940601989
1896041535
5094518078
5516315320
6779231712
6508481463
7077895756
8082371401
6760841054
7094680815
6728449748
7729456943
1766923757
5693064868
7847247483
1675638339
5337498853
1725170273
6893628749
1358003285
1918465286
6594560608
1472625071
5501268219
2082383182
1621794054
7244475774
2084845092
2082261503
1393323462
6957473871
6686015541
7281998652
5650064451
7845876323
1831490525
7054569415
5017097002
6612455443
7219347343
5013479110
7896771857
7486227151
7492033439
5964788753
5679321045
6853792901
1889842497
7416119567
5284729858
7025222592
7766685800
5963118935
5114948953
7868703209
7143068366
-1002365712003
-1002464448053
5480199363
5887842379
5689249138
7902892154
8021865127
8110165690
7552375783
5466782581
5286041989
7470647893
7871945588
7184128830
7770582055
1384906556
6473879065
6017910788
6380576714
780165013
7755776406
7258250158
7524963548
6578958790
7734511972
5901388253
7878735348
7548087734
7427169749
5953435193
7588316001
5586286872
7761301665
7461181205
6616303376
6826301141
6933276544
6253746021
8045768303
5363364199
8083942392
8148338994
6598151450
5599096353
5027073775
5876695113
6341952995
1599879222
6275481374
7597583802
8010584083
1424887722
6847965516
1683343447
5620243221
5450681530
5077081781
5644074141
5425420865
7882861647
6808169832
1985344845
7153001973
6760804435
6748257776
7785312039
950073446
7895927148
1766102498
7500034126
5764186918
2036889036
6183475107
7748914894
5221060293
-1002570352396
-1002365712003
-1002464448053
6569362364
-1002570352396
8104422447
7334997291
6905075852
1521868479
5729676704
6218698649
6122188387
7611712863
6511777469
6119850616
5164120080
6171207525
7636764749
8182658004
6693551053
5481810892
8115959502
7675394154
6733259949
7005232366
5980561083
6322712434
6101787984
6883533060
6225696141
7936004745
6666869416
7504322367
7524953948
7159658395
8187447610
7838395969
6073906962
7742942550
6361104152
7460562259
-1002365712003
-1002464448053
5876028313
7282682976
-1002570352396
7191728234
5095914903
1426762225
1349042533
8133661569
5156112270
6252230833
1728209181
7922923442
7718726394
8078536854
7646416397
7073793823
6842053113
7712931258
6809874545
6481347881
7609495176
7120626791
7814312357
6840855606
1056501060
7846211797
7821843555
7504755970
5170362364
7653742547
5424788310
6682609632
8046589843
1677691486
1336801090
925420771
5757613155
7491273327
8104618073
-1002365712003
-1002464448053
6737309719
6085642405
-1002570352396
6748992254
7559930850
6779652228
5863108144
7976274076
5230107294
5264167618
1845718363
6982628667
7711532110
5926731984
6382562370
2057405979
7466679142
6948851886
7191843599
5972731311
5461617697
6694085034
5501825434
7233307805
6114698103
7757036623
5711836042
6426826706
6027111481
7129339355
1633234843
7547698871
6918991884
7035772638
6105506632
8018249521
5707725237
5938489143
2136071734
7225842805
5090955993
5514738717
7153711559
-1002365712003
-1002464448053
1155551703
6621197090
6080822221
1988547037
6882364731
7152795748
7850000721
1710370802
-1002570352396
-1002365712003
-1002464448053
7621482789
5904793063
8111623021
7140887375
6908270925
6099625844
6295166022
6384092943
6731828367
1087933849
6484911924
5923273661
7914988624
5007772321
6580283253
7648709095
1801716790
6330241588
6927260689
6095029396
-1002570352396
-1002365712003
-1002464448053
5283199381
5273432275
-1002570352396
7382418630
1657558603
8088834518
7455181077
7307504734
6663016094
6083404798
6414930558
7072375655
1044359053
1437907968
7582081177
-1002365712003
-1002464448053
-1002570352396
6449454082
7683391527
6618511585
7866947927
8027755497
6526112638
6194746481
1752660223
6214823177
5334720570
1439570427
6066331395
1765105525
6870185080
6524342136
2138135762
6200687887
5508890180
5607540009
1507335966
8053378280
1749558467
7167126335
7641484418
5614371740
8188078147
6081418922
5276056931
7788145948
7878188994
6117153003
7944254940
7639038922
6552266234
6098000965
7267043401
7188313738
6808406007
7518460039
5934232449
8059374540
6793659918
5908629893
7962147382
6397347630
6772001263
5271417759
6611665459
7764113202
5816979381
7906842510
8052676033
7898496430
8089623087
7622655410
1874203297
7596032589
8145478374
7791604956
5222386934
-1002365712003
7795553763
5416409136
5769873031
1738086208
6970629433
6181562236
8171668588
6099388970
5473681854
6967923952
6269505039
8147802675
5577237236
1295227925
7792823424
6699421434
7834641024
7773115114
5053013231
5908075083
6973577528
7819135256
5762538382
835742104
7880162232
6626464713
5485233388
5300644941
6628072905
6678937585
6097265288
7750524797
5449927915
6451133406
5896441356
7161668510
7113524255
6482132720
6517058006
6322439711
6628393636
7775387276
6881608559
6213120250
6180367923
6752140033
5633805591
7009670411
7817740179
7935116655
8126338701
5396924783
7103512163
6450601587
2037430171
5557219706
6676673604
-1002570352396
7920819215
5690127148
7207511325
7559889077
5469723460
1286788749
6481006447
6561144265
7667377677
6443518211
992008800
7378122505
1429412135
6232778072
5328003362
8114756401
5592111173
-1002365712003
-1002464448053
6298283358
-1002570352396
7163617645
2033963055
5052923967
7073075030
8126748697
7579800220
7518170449
6403035295
-1002365712003
-1002464448053
-1002570352396
7864538838
6568331155
1846968151
7727150963
7234047209
6362220737
7421837050
7550116401
5831910838
7095509686
7063664611
7520214524
6131778342
5079560742
5381032053
6880169040
6252286779
8084568785
7657849157
6276566044
6931068773
6387627186
7895445314
7604618024
7927771237
6792904604
8070490196
-1002365712003
-1002464448053
7304546422
1438965564
8060715757
8020576630
-1002365712003
7837221285
6751806687
7280569653
7885865076
7765941535
6087825300
6677481411
7025412672
5512710955
5472552840
5545729971
6405742649
7616841235
6638465458
6894735379
5226127663
6366293406
7633444188
8033419007
-1002570352396
-1002464448053
-1002570352396
7665075445
7635998075
1026990576
6270619322
5606561652
1685157688
7354772996
5689313098
1537759969
7323175959
5874196647
1563029633
6827459670
-1002365712003
-1002464448053
8713988
-1002570352396
5381944487
7632171433
5412681280
6044108997
7947557110
7439354382
8197816064
7613142865
6854091237
5829639656
-1002365712003
6184167076
1003691450
5511244512
-1002464448053
5649100536
5541295838
6135161801
5901628047
5352006149
1075245846
6884592144
7559018257
7674891279
6720821022
7423097851
7758998355
6031839543
6038267539
5565337388
7479721239
2044775714
6565641040
7688190214
6855791387
2026612333
7261993882
7096216678
6505689006
7093319453
6918278827
6693976350
7060134951
7843461140
7404368134
7735370188
7718817751
5584055952
6050389896
7793775258
-1002365712003
-1002570352396
-1002464448053
7993780459
-1002570352396
7625516009
7349553927
7950014710
1179573770
7622602955
5997582927
6120966787
7286527078
7769936587
1414521773
5716970950
5501045810
5250858766
6074952461
1263605671
7156212500
5298692527
7501769201
5150591884
5666868002
8057437731
7556241351
5804892982
6553282563
8093969575
6653662789
7142807270
6863962736
7872316554
5837281678
8159443133
5308806091
7145671957
7789668049
5045472660
7437387905
1713785484
5602786433
1337031956
2116298084
8169088894
5873909960
6665846528
1250501443
7052593411
5233597595
5165556126
7802144495
1137234141
1618421060
6191914917
1393680006
5581904361
6582006851
2078733577
1707354288
6289825561
5188648862
6131360796
7309785270
7828155389
5462212518
5104084551
8104669909
6622883206
2043414374
7359097918
7877997607
5301392105
6882315595
6701821976
7708485778
7752515779
6667753365
7501064078
6947055319
6303502709
5106817023
5906586083
7810548552
6240863798
7486548735
7319518386
6707957977
2012805271
7803459431
7696916828
7838340811
7967030450
7419801493
1935967602
7378052721
5851660147
-1002670596667
8113116773
5648807701
6011544154
6967327356
1958657259
8043865529
7597102700
7740334760
5240544272
6133077332
7408774512
6636370988
7090193294
1783002873
7078977647
5604518558
1853125258
6365415515
5007701987
7865722952
6176304255
-1002365712003
-1002464448053
5323704694
8134316146
-1002570352396
6048539714
6010422454
7454909687
1385989468
5012485090
6041403702
6850169922
6164415129
7713476209
5915089760
7822018166
1577592456
1706064422
5436645069
7174735088
5898730242
2113758480
8048456043
6463181785
1317987832
7649959951
5215125756
5296208349
6290660950
7160489261
6827392156
5404385269
5180942452
6631205449
1241995023
5038953226
7503753075
6514515499
5058208001
5501824905
6197277779
1499919176
7155653882
1422955084
5980267902
6298171232
1372702127
1527696497
6741539762
7116318226
6464835561
6303816392
5718924267
7589451330
7646802393
6113741624
2115099409
1642949176
8103155464
5695228025
6575073371
1825255985
6852085478
5878083192
5995001846
7168173782
5161203952
7928119370
1350239127
8129456049
6509740898
1499232461
7117790816
5915664014
7023859243
2064713876
7390709183
5416433740
7622925090
5160335830
5678377573
1404498724
5982939534
6806580117
6680476065
6026216077
7882206448
7795269006
1958487156
7340894749
7524527299
7051234951
7616399653
1534433475
6538354721
6178651547
5177044969
6975323620
6251996233
6448331404
5680262019
2124345576
6562019383
6167606158
8044519963
5635982334
6065679732
5604641129
8163161749
7192633514
1475218845
7860392231
5735416180
7191617482
1668679855
5920237052
5251769459
7150166973
6820192440
7705119911
8118457182
6328805230
8089460035
5223157360
6580718802
6134158742
5334283628
1222081795
6347973819
7096370427
1079583041
6681300034
7001839880
6807961661
6330732997
7961480789
5151653555
1182289232
7512994577
5968098213
1863671326
6967083523
6055075468
7782631361
6373169021
7728964343
1602285256
6678530354
8178551319
7725213049
5923424135
8151369380
5056978701
1478580229
5495781650
6994756540
6339793364
7704787380
7872774462
6317004537
7951275695
1913301329
7498888877
8115321355
5342003500
5161137630
6552397193
6275148809
7624173926
7937324038
7355484236
7053722037
6534647746
7714422790
5080541048
6096908092
7534445653
6098634426
5242764358
994065739
8107430025
7800081721
5313740725
1198937587
6168375791
6270460147
7288710729
5559507117
1773032521
6868947270
6950012392
6690622526
5876827773
6520776757
7597576230
8001559905
5243108895
8184799297
5160279690
6412541618
6635483358
7841175544
2125541081
6118069348
-1002670596667
6573966552
6291982036
-1002365712003
-1002464448053
-1002570352396
8118108377
5800708070
5175658478
6942911260
5142502424
6410102307
5080820966
6589598525
6235930427
5313000884
735372725
5908329373
7227848690
5183416547
6279051932
5143755895
7662233701
6158064255
7197070529
5239334318
6595066886
5688252379
6075735768
8007894367
5604630304
8154150180
7347729900
6088771988
5281929567
8178058617
1723861614
1265303109
6706112665
7105490588
7369854804
6878197434
6473700554
6384501891
5479207648
7347029712
7633386187
6299571054
7307454303
6917358422
5820473361
1900018954
5598148137
6574053229
5195157179
7746772686
5454497599
1463919292
7627163875
7004036786
7732035516
-1002670596667
-1002365712003
-1002464448053
7424611365
7349907444
7114185891
5246399378
5600467195
8014608584
8188751460
6611991457
6186997992
5241010072
6055721582
7549229540
5663257528
7043278910
5449179791
7830387181
6977737492
7208905268
5401806108
8080387957
7093972543
7770910311
7725930358
7842397018
6833753373
5147493784
6176569507
5108650734
8058492900
1854908465
6604793021
1991607873
7182498584
7576822575
5973787358
7057806069
7989589478
8022960543
1300822360
1987068083
5784216527
6420941317
6131968514
8011990565
6885311942
7335709349
655529863
5561917373
7672772793
7938590286
5576833226
8033145624
-1002670596667
-1002365712003
-1002570352396
-1002464448053
5900027299
5403752769
8053581465
5006848088
6933545692
6494335618
1950736831
5704191595
7433981751
6714525734
-1002365712003
2105311312
7548443354
7150030551
5255705445
6707520504
5570645118
6673754547
5355855883
6025883905
1622537610
5903320002
6185631539
6588368397
7728626053
7627876413
7709195788
7571451572
1484090054
7388053617
5128789451
6679217131
5671878193
8188130576
1526043698
6553080666
8133170116
7607134652
6348831929
5655142919
668536655
7570767896
7357153173
7920760387
6234470396
6118817330
8083032089
7374461516
7022944856
1799766754
6274787863
6055648260
7655224923
5712675106
6525340553
7857516541
5336666070
2111819774
5372116735
6890632178
5423460577
2121513861
6525737249
5129777041
7737562963
1934853422
7402475884
-1002670596667
-1002570352396
-1002464448053
-1002570352396
6087426966
5876408251
5714546361
5235524248
7301480612
7173874181
6030842774
7377895534
1993915294
5280445752
7095190168
6968893462
6438108819
7346870573
6009026814
6294778599
6382667610
6381272782
2083781374
6543295057
6991309868
5404495493
8121502153
8079574001
5881716066
2058606237
7546295976
7852471016
7926257099
-1002365712003
5820419478
-1002670596667
-1002464448053
-1002570352396
6431418346
6988111740
6085012093
7926701724
5948829635
7168496531
1059240505
7498365676
5579178647
6772745871
5531990968
6493213563
7258744565
1878335947
7700245135
6767667920
7487868785
5521012283
5316288395
7069571560
1072984735
7400112595
6332074066
7004135258
6810984049
7643188561
-1002365712003
2097280449
7581028654
5348457860
5757978677
1119132265
5519036343
5564024143
7643459860
6225933241
6747058102
-1002670596667
-1002464448053
-1002570352396
5024695650
7866883337
7083635058
5570997561
7723048586
1703313771
1540642308
1223008463
7523233910
5474855993
7103826648
8180778749
6210888393
8059438758
5938798331
5783572528
6326953947
7701503090
7912540763
7223722151
5656919267
5143564465
5952778921
6414262607
8079788696
6908058525
1652972882
5125319033
7158112021
6874416569
1519143429
7172130059
5946758434
5952150647
1969526372
5761800458
5852331660
1068004820
5941348457
6725710418
6320967399
1415905164
6779367005
5931131858
5275874575
8081119065
5869893879
1983490597
6108494714
6695578531
1051399918
7211119427
7639988800
5970161884
7828683203
7551954613
6864051832
6522871577
7664802167
5740561711
2131435860
6850526567
7516836043
6690388472
7259566150
7062040538
5616676927
5999651771
7554288391
1809226244
573460874
5986291401
5163122524
7243395291
7706143837
8076617336
5182520046
5220484672
5359682469
6838204196
7811404051
6845588833
7554181749
6981305566
6874226610
7451758441
981710907
7233295112
8159787152
7268281061
7258472493
7060200143
7915014256
5193501069
7422346363
1780142947
7543110358
1662091733
7816894349
8033831740
7733812013
6813161788
6423234408
8145910142
6900519139
7633431453
5796736173
7205874384
8070546607
7097006079
6936501551
5038729454
5183765760
7607161018
7116830836
6882018623
5227944511
-1002365712003
-1002570352396
6965536453
5140791376
5210305193
7335981568
7764830585
7997747709
5297973228
1015540843
6912246827
6686526460
5196651620
6725218784
5112162374
5333303309
6589827496
7596591760
7113283726
5355997570
6116403405
5473826711
6483927627
5008027403
1140703979
5781519506
7314495036
7024228061
8167952726
1375687446
5289485061
5580641199
5997846977
7106336342
1977130810
5330876772
7990646860
6868932758
6247086636
1127806533
6159044293
6476984895
7292277161
7795591860
5905667528
5742957735
7925402997
5335430817
5134984900
7185202025
6973679182
5867458045
5111648464
634417266
1875908938
7177648409
1580871243
5533990768
7534611570
6618327135
1387483991
5507255991
1180234558
5720283354
1414610697
7776572109
1580081634
6044223834
7319989479
7504538110
1864101825
7415177164
7812710733
6185939270
7930566669
7942244289
1834457326
1784412948
6809649357
6407706624
7855031573
5925441707
7669890738
6494965696
5820987133
5404773437
5410174652
6261837481
6695110398
7560657143
5658646009
8135674213
7413500581
6329741918
6394399621
1157800231
1556330814
7120337086
6545001068
7791580671
6958811093
756049645
1787902234
5422656767
6499080058
5027296200
7640482937
6882848620
1143854830
5350318471
6496736981
6701913533
8160920572
2142735593
6095817333
8057591965
-1002365712003
-1002670596667
-1002464448053
-1002570352396
8130187680
7940662969
6330447014
8027075217
6328885199
7657529831
7655906100
7886892117
1013086787
7309682909
5234948996
7648191234
6433995044
7973829355
5820366848
2089221066
7564550321
6602878048
6313503058
5612527085
6548885208
5139570363
1728284242
1139173355
5019199960
6102510914
7793946725
5636996133
6525288103
5497426184
6207016744
5195786740
1149996068
5895833225
7031157361
5538863185
1682557245
1918070333
7326360627
1109521519
6347560755
5977169991
7412196909
1693957711
7239668759
5194588946
1804756054
8100525644
5556345980
7482448280
5325562826
7237295499
5688168689
7052686089
5427978562
5682845358
6056825191
6300925033
6643627722
1958509377
5657307152
6855936511
8069058365
7329424585
6866238161
6871508163
7020823644
7338999011
-1002464448053
6381480235
2082219632
6382980162
6073309677
2123656373
5301236619
5936724091
5567581360
5702183690
6382303361
-1002670596667
-1002207171065
-1002570352396
7992711818
6352544029
7755331821
7654858940
7345424369
7317816075
6974483317
8006257363
5628208548
8134640279
6499007840
7060602062
5567233855
5043476560
7165057209
7199505101
5263239433
6769398330
8162885863
7344688158
5549454904
5698752390
6260965462
655709731
8007468305
7927470101
6202888302
7766148971
5284813055
7464609825
6445317381
1851603906
5386467044
8055342207
6940221773
5879876490
7432112256
7593841179
7559270216
7725982652
6448108307
2109111465
7821995126
7946932975
2098696214
5154751124
-1002464448053
-1002670596667
-1002207171065
-1002570352396
5979230253
6158415899
6564972538
1045805136
6680497351
5056311892
6061917913
7525748197
6044191062
7673499949
7371490105
1386927172
7203203380
7767024423
8062315598
6266003462
7698454419
7885140277
7502133482
8090858487
6450776645
1797613420
6096325640
7852991402
7875190911
6827975211
7855442213
6838297382
-1002464448053
-1002670596667
-1002207171065
-1002570352396
7099355542
7093426331
7797884645
6040722373
6005457601
7747872715
5013403503
6767675192
6278383159
7544704512
1993860277
5870801078
-1002464448053
-1002670596667
-1002207171065
7405278207
5233388914
7583118271
-1002464448053
-1002670596667
-1002570352396
-1002207171065
-1002570352396
6417979943
5058987786
6797984034
7684439553
7876775613
1799743053
6774054283
5337400492
7757673688
7400533781
7818318252
5550798340
8045475504
6129683306
5120741418
7767283633
7220281149
1981015979
5041064229
7987604931
6047429378
7816873695
7406403981
6632243982
5895605467
7830209679
8128729162
7457755425
5364943314
2111462732
6736441163
5691514200
5905838113
6379157278
1778694616
6632297385
6711795539
6020628580
7991741526
5161314853
7178150781
1810015158
7082263583
7127513175
5682378339
6279404641
7066956396
6518454960
7826864296
7224068125
7371145635
7311105247
1411304895
5772092827
7119881285
5784821040
6442570226
2014100822
7531086124
7531880345
6666734090
7835187419
1635675322
5532541252
6554774121
7736063182
7671890310
6812648507
7910891145
7389329689
6495935128
1519453767
8089176131
7351151013
5774526912
6340234115
7668900014
7418956949
7473082957
6664210916
7511974691
6541202284
7591438880
6744933975
2147303263
5755972781
6575024143
6716768527
6229954999
6727667657
6176965426
5712298785
7335038077
7356466628
8166772912
7017294463
7860194581
7593400509
5647982445
5126924407
7499108856
7781473491
7889933686
6723373344
5833466504
8101437043
7319205549
5269390253
6856226548
6899684091
7528180175
5495762639
7846287278
8195687038
7043227931
7179276333
7308325843
5859098778
6394292820
6807297049
8059043726
5596109867
7498566550
7055536873
1302614318
8114474696
-1002464448053
-1002670596667
-1002207171065
1569024235
7213867120
5648289277
5556423682
5272644505
5988988947
1297363184
6092022790
5421621987
1973063456
8052465276
6620628358
5838508362
7775972844
8074601892
8164777383
7659474219
1658419477
7087986473
6953901925
5539379829
7631435150
7560545658
8118706372
7366117015
5207768085
1804729944
5266232008
6981496839
1185966941
6858708570
5739644552
5915957674
5261476497
6841962942
6181446960
5610974741
1419578498
8037049907
7440607234
6933135758
6141358039
6596609296
6407180032
1798683740
7633637234
7497661444
5323920644
7220422898
7747300436
6044914339
6598576826
7965601166
7832722088
5554106966
5482586457
5437813487
7506406363
1735904233
7729661106
7305161238
7796434873
5954306538
8066618004
7721459107
7514195570
5536966449
7013106950
7048615922
6086851807
5553958320
5708247663
7162913124
7648174444
6556839518
5572447482
6328577845
5336342859
7316215008
5383182253
7908111632
5646751803
6959377258
7609230546
6318281227
6356206399
6801355821
5506786463
5972103244
7109227437
7833167532
1916612297
6220867294
6241572242
7105133321
8141662971
6572714366
7638896792
1268385530
6911242789
7706985239
5658008410
7384799869
1502250290
6210390431
7792174929
5811390699
5280167217
6818240056
7399424713
5657415228
7679218654
6245549819
7641337242
6418618195
6186419402
5026227461
6865087294
7686868728
7788173058
5135486093
8164191375
-1002464448053
-1002670596667
-1002570352396
-1002207171065
-1002570352396
8076487535
872889809
1312803787
7074826922
7071528845
6011499830
6294377647
6737306855
5930563725
5021560171
8171208165
827034873
6078925703
6211897598
7226425490
2105731415
6184307342
5897971803
1411247753
6724903953
5988835115
7768540867
7329541435
5696616639
7088685459
5477276002
6379205032
7509502221
7954425598
7292395009
1915783037
5803443972
5911052458
5771572725
7882321874
6575495968
5057136617
6493930198
1992742191
6356381522
8113134454
8149176737
6745605641
5675236975
5374986760
5459113349
1856464065
7078417447
5067675725
1631215633
5282747217
7434751266
5215262386
1415942579
1643929492
5466407392
6968338939
7848658717
6621317279
2094517697
5496226172
1145512966
1067197824
5750228151
7351899764
5264312544
5206810152
6194991776
6077059394
5878169093
5393361058
6634054736
7845170945
7567916528
6403392421
6291726237
8193766041
5558821083
7830814530
7765594011
8133955543
6503801010
6487257961
5606805562
5760721067
5760862051
6284465073
6474194058
6733229169
6403473618
7226557544
1344395894
8129482450
5841354338
5932463375
1839419470
6631176461
6666781531
8169176353
7483999341
5910992880
5561058091
8172154705
6802915013
7517174622
5458210948
6923444534
7959512385
1427193274
7370220212
5860415766
7195558068
7571680314
5073105617
7524016577
8087810113
1705235443
8176458822
7704714291
7366066074
7399861493
1508836288
5979585302
7213520931
6022606874
5727146647
7928076941
7597934404
6831028269
1112292813
6775026231
1316402808
7991309867
5267661790
6915003454
779630574
6396054669
7945454309
1966892680
5832406432
6811366705
6759601657
5426559893
7080674907
5419781167
6561499813
5774876155
7665174705
8098357989
5605660137
7255303480
6350725266
6939260682
2055134800
6507825179
7320603923
1409428231
7712923039
8089911779
8015027695
7295613613
5169322448
7006302378
5593831149
6349143808
6568942610
2024993149
5359698028
7576151843
2030194609
6940313767
5704452857
6473747090
5843972202
991380712
8112821537
5073037213
7135069085
7336129642
1237173025
7212809008
6838935702
6571501054
1467789964
5116816852
1720417059
7774812708
6610875429
6417529531
7329743473
7839570628
-1002464448053
-1002670596667
-1002207171065
-1002570352396
7016844223
5522165724
5294477672
5142344309
7522052050
7947673376
2112349537
6502596541
6209251350
7133484534
5055557750
7668855951
7913000931
7551762233
7103665138
5639115111
5767202187
5495465210
7011819027
5834844233
1476748453
7362121732
7528662019
7263733855
5657468503
5115536686
5780958158
7111372609
7433426660
6824585776
6017787490
2062690557
7979464401
6151195188
6055386149
5217758915
7645102970
5537090918
5632599709
5911198125
5160419122
6663688216
5361912596
5020473820
7896707235
7960031828
7402390882
7877347574
5471357457
1497701787
5918253915
8165589097
5981128801
6275164125
6506466097
6474332775
5312611603
6003466268
1704056175
7973861558
7666882837
7865096351
6834180544
5965963611
8034266143
6909001275
5949967380
6221622909
6950617554
6888608461
7731647532
7777057233
6657047299
7680887921
6944957297
6285778140
2029344460
1462594218
5273964487
5937981039
7269927605
7084763059
6476984614
7852248589
7651375059
6386744858
5633362333
7409934721
7403017247
8013018130
7980696182
1074356371
5092554949
7427872289
6292083131
6713113846
7040917491
6329995200
6841079284
7804643238
7048176027
7277609926
6563804456
5861300728
7555540615
1467264015
6870554724
7084571670
6259071226
7937306012
5838770064
5099589231
-1002464448053
-1002670596667
-1002207171065
1472461231
7737364711
6429536362
5878943709
7672513453
6904233695
6592843774
6932026296
7660944487
6990672758
6894814969
6232019013
7275210667
5097438222
5766625629
5593086080
5417772805
6585053286
6655418085
5127780390
5347267902
6264052900
8027710819
8081607911
6912073444
6505559610
6306057191
7907626125
8123011824
7317288254
7252143643
5842919833
5229638372
6654195420
6367295317
6392169273
6226943029
7793844592
6527110021
7606425154
7399949822
5491261915
5769355316
6336085704
6026411557
7455587817
5761659757
5657912094
7880376586
1880561123
7907132445
5625898062
5467839748
7867575797
7965265521
5623303747
7880455732
7054053185
5247119859
7394625008
7606285937
6004058321
7381995732
5747019673
8102357463
8060176689
5343433264
6639933447
7879597026
6371429276
7947101181
7596656778
1294662849
7113314323
5170645332
7864204217
7071101395
7913108302
6872922935
5162565281
6530706077
1043246249
8022762015
7898554015
6321998174
1080858450
962711196
5965002157
1324951524
6437675796
6920667237
8028545653
5132584280
1080925505
8108500498
7069836912
6779232479
7211031837
5555677202
1111331561
7492296872
7555109159
5305853671
6617498083
7459126981
5666678237
7366412387
7881604452
5625079652
5319434731
6785450043
6635810076
1241061174
5072896966
1048910591
7948612035
6387851548
1715840662
-1002570352396
-1002207171065
7576638352
-1002570352396
7672641740
6303692016
6556111539
5409814211
7274443708
5009912985
5557677758
1237087543
5219291658
6843375434
7165717428
5113649688
713861602
7085257569
5908019606
5109673031
8051123247
7575429824
6228796025
7145594049
1945096071
7685475674
5509381886
7121641214
7552743380
6909881179
5793970885
7012788421
7170903540
5111870449
1207845727
6999355556
7607526184
1232660328
963695132
5945894888
7539441303
2139899752
5130558835
1887647998
5957812129
7588343406
6435355120
5256603888
6870935915
6666922958
5543414668
5331813819
5015444212
7103384303
7915917079
7000391151
6816572863
6933595726
880736266
2064466654
8142547976
5932581379
5171628207
8066742317
7508602661
7032321745
-1002464448053
-1002670596667
-1002207171065
-1002570352396
7823553731
1405190822
7932977869
5786530023
7760240606
6577776748
5061939388
6554489808
1370694778
5556422544
7697427645
1093796057
5641793357
8179266541
6624713910
5977535475
7178381297
6096225036
5889857663
6467856282
1528391086
6386679752
8181978156
7704062752
7182876021
7847197626
6260992689
8115395607
5996822289
5140103832
7645711006
6285632169
5879656403
7650946568
6236046923
7277563790
7776483097
6729494664
5479126486
5498148919
5724536462
5382964872
7852852049
6607054445
7069283389
1694054465
6874691527
5708196504
8061810667
5357875825
7869319552
5011494449
1105185393
7594776275
1577559010
7853726908
6053480904
7084474148
7548152630
5223344380
1009839683
5718995091
6071522401
7299145977
6623289335
7465109275
5220128495
8055538974
1692362192
5533341388
7024080662
6185936117
7706681025
6340893663
5785823213
7816730424
7184822877
7491076827
8134476563
7869159565
7776218139
7624012684
-1002464448053
-1002670596667
-1002207171065
-1002570352396
7430313921
7930407691
7931712212
7688489049
7802794759
1415382475
239871690
6377517144
-1002464448053
-1002670596667
-1002207171065
-1002570352396
7130295732
2083112969
7768875616
7007931013
1876067914
5074561059
6969847369
5284194352
6564191744
6043678555
8031036733
7651358236
6572499421
5958050923
7379076630
1660269458
7421762742
1517832509
8169704993
5866926748
7612091911
5298057292
7779455512
5062329069
7155546548
7840784112
5573384973
8007762329
-1002464448053
-1002670596667
-1002207171065
5709680882
-1002570352396
6381150466
7232979643
8051983367
5813274973
1872946443
6329026548
7576898810
7928734406
5233466399
6890066679
1710982998
7554854963
5312588846
6674817871
7672537692
6138730017
6175440127
7300487211
6026068238
1937600642
6346690582
1598189589
7605972256
7711111151
7100810756
5706463104
8187354981
5186611034
6496515255
7082261113
6700428238
6516051143
6324061462
6787074505
-1002464448053
-1002670596667
-1002207171065
8076268106
1506043910
6863659272
7876984220
6432067014
7578684370
7378408942
6278077160
7086987999
5842635119
5835729454
6629735888
5333236306
7298943284
6662309361
7079807132
6344217172
7359199124
7278911767
7680030876
5840983013
7737253389
7746361158
7586840213
6655801403
5701047697
7290498572
6693556999
6506273290
7404582136
5077489862
5295049789
7529714675
6889419555
5922226796
5485477242
7618977144
6613975419
6301566164
7319588054
7376250628
5982666484
6896096618
8055662272
7669269842
7731725110
6046829385
7647941119
6514954585
6875954265
7823939578
6224123599
5995703620
8057429177
5715710415
7249868309
6592104685
6949375282
6911206047
8132476196
6610585544
6907139884
2099533103
7335959310
7048086737
6717394380
6486509396
6607440048
6305041071
5718109342
1648535025
7840304895
5923635695
7133591056
7473148779
6719083376
7264189888
5500689412
5212892813
5592243289
6229958611
7208587936
5198241728
7837775501
7644724694
6754548295
6345013516
6114407101
6259770535
6665497552
6627998804
5547405321
5380743292
1136212474
7892467815
6998066469
1213992074
7513474050
7875839771
5068437134
5847045577
6665785752
7123081341
8123195859
7692033808
7664605557
5770550186
6311667242
7584468460
7169332666
5927993467
615501307
5108164185
5308607645
7833387912
6911600132
5847240751
7125401383
7775996977
5549541280
7389422072
6299794336
6488495616
6448002435
5287453875
5806790122
7519641283
7764804026
6815574211
5841692331
7611785151
5289579182
5818124612
1993334173
5110137026
7917360161
6386252488
7895229342
1943487350
5388927465
6852364897
2074008056
7881388953
6759462896
8106062980
2121956462
7095252279
6667501300
5596306264
2006874434
7600076925
8154524134
7901905697
5411567810
6467973714
5588649018
5307005219
6062627028
5862116896
-1002464448053
-1002670596667
-1002570352396
-1002207171065
-1002570352396
7096581338
6053654598
6050671218
7273931928
1945936139
8116547940
7808247662
7365227030
7785852164
6038429060
7897979780
7755696646
7896940600
6417449436
5518518793
5119464173
7578007787
6748279641
1752479395
7211215924
5943416620
5263697587
7813599195
5277250852
7415998073
7324258889
6209686451
6111106943
7730790716
6270071316
5223755546
5880262528
6058186372
7418463009
1771331951
1461621333
7832644840
5978986701
6226354511
8198575341
7931826921
5165720774
6654182371
7034517212
1748306834
5384072366
5945273926
5434192800
6985039130
6164659264
7101712499
1718170719
7253086584
7495375907
1934938987
6316621089
6664988298
7885235889
7548035954
7266467903
6495136508
7123169741
7556691416
5602684112
6143668054
1656261754
-1002464448053
-1002670596667
-1002207171065
2138647568
-1002570352396
6415323650
6216370431
7052553533
5471203790
5131708311
7641318881
7834617360
5796640254
1729565893
6504828726
7875334213
8018106198
5462976866
6679326298
2052218062
7977801508
1953179043
1028899659
7871366741
6538808613
6888311038
6649877558
5525478525
6696622386
7954495716
5088704769
7775540202
5493208988
7529267271
2026105407
5273633047
5497729910
7611690011
6807571062
6305974709
8055991879
5960675225
5950793388
6146474385
1256511935
7291817792
6822223633
5899570325
7173613281
6094257137
5391711664
-1002464448053
-1002670596667
-1002207171065
-1002570352396
7522982018
6695762060
7862263735
7532403909
7754699452
6419417973
7959903503
5489893283
6844272325
7922380077
6501701164
5543673408
5171424276
7256129702
6960246054
6348916236
5363253324
7753868337
6057824482
6583846436
5483016171
7384255469
-1002464448053
-1002670596667
-1002207171065
-1002570352396
7647460729
1458429777
7721518449
8113414056
5339703427
6265754323
6040689325
7908109883
5134118436
5813464328
1320009981
1317831816
6508705783
6851916572
5778514614
6358126544
6502819064
1974976388
7808519599
8107298474
7034547525
5398449824
7407866905
5897427319
5616998601
5156346304
-1002464448053
-1002670596667
-1002207171065
-1002570352396
1675169282
8107108635
7649012254
8056685956
8191892240
6640910140
7045793074
6927447406
5433935980
6465038250
7358693261
1336665499
1673506249
5464804097
7863049888
707667667
1914180794
5498296051
6655234597
6958217818
5777426662
6043315733
7349655824
6108194337
1733664426
1782515532
1961055243
6846352564
5860025933
1222982949
6396272791
1222663733
5936107090
5644920361
7652801337
5647988592
6096886688
6473837669
1361698459
1683078737
6505864795
5305103917
7958136814
7927304801
7948600962
7206071670
1728259100
6099403314
5064854016
7635201083
6106991024
6504504775
7618901816
7096446380
7746721347
7269291286
7039646778
989468883
8104810520
7937492098
5095500716
5882863361
7370513786
6403717161
8195871412
6052553600
7422843224
6601661071
7760796622
1843709897
5923810312
5851199455
7620609709
7080884462
1444762952
7988712778
6070707570
8125351394
721766600
7068325638
7558025242
6825661495
7865824325
7789405024
5684164731
7249904405
6618994748
5764037751
7395263702
5018112879
6467010640
7390180326
8197276005
7072038713
6866175086
7038913675
6365252468
7902235120
6772015219
1374116840
8056930049
-1002464448053
-1002670596667
-1002207171065
-1002570352396
7760226114
6762273732
5039743938
5738976671
1407063693
5105348199
1437986948
7882235183
6730282366
6396822601
6872418681
7499964751
6978609042
5543082751
7328110239
7330127805
8163267470
1449718683
7303058357
7884191968
7833905048
7555462936
7752543662
7585923019
7230855613
5286363979
6711439614
8151852502
8136301533
1630752664
6915858461
5956556171
5767158885
8128655739
7361649008
7195691971
7804323923
6373740140
803499369
7864609111
6333100741
7949336805
6385020505
7562182109
7155652829
5587717584
5261181351
5098498738
7344509583
1966663873
6635665391
5647337842
5561286146
5516015584
6404346134
5387426548
2043393008
7330137729
6462634915
7148592487
7816167650
5129653905
6692611692
6997705513
5631721637
5916141084
7508838809
1091331841
7821858979
7529439240
6451600342
5371496815
7300247902
6744493275
5300088373
6901422645
7990734413
7880060550
7760798481
7550095605
6688012904
7151013334
1536273501
7846637978
6563538922
5242688110
6255978193
7684873395
6371252322
7142672449
7366005151
5005342277
1461177330
6973181373
5041360277
7816156618
5086317940
6882507849
7506666512
1409897087
-1002464448053
-1002670596667
-1002207171065
6670753035
6467743101
6920556180
-1002570352396
1683724418
5179552563
7372577997
7837770590
7545506648
7516057624
6781625382
7780391851
5888398107
7678692124
1798976701
7920286956
5456838622
1970092450
1670084610
7255510864
8007083748
7770588047
5517911797
6946541411
1483996123
6899370003
6037186375
7784666370
6633037453
5747046706
7624172341
5165921690
6864419871
6836149758
5450615860
6453701860
7501699340
6867260237
5432809219
6722407197
543124986
1241162297
6969545661
7482684205
7757804049
6416709622
5241228072
5024969130
6679921733
6904632697
6936793336
7834536675
5901088638
5492621316
7655647342
7994281840
6553721453
7205969285
6272300282
7321424274
6348458509
8130650470
6924868296
5198943008
7335927045
975223254
6695453057
6957761799
7978701641
6278477928
5396738837
7473851129
5267087439
7315691425
5416851608
7817509111
7146600022
7079660127
7865288263
6725431207
7779166766
7387689894
7376847889
1227162888
6498914447
7362175153
7125255684
7904493444
6103779363
1503100421
7704176846
5517205289
7248740652
7404059302
8027212051
7624669028
8010235518
5732124487
673127258
1927567620
6895564034
7389283216
1297434520
6849093307
6878464946
5653482898
7310670752
7161574079
1961383468
7142896293
5946096421
7679223367
7837679664
934034196
6949357814
7788651581
5899629426
7069538104
7540577163
1672097423
7769536372
2096502409
5699175536
6099308583
2092693593
5118162622
7906199399
7953778569
2135085702
5518423780
5827324264
5780811887
6972576288
7971387627
990764038
6598947969
5964697377
5158166589
5390861020
6804495191
1848619249
5754794971
5817975857
7543466957
6228027871
7944033200
6604153676
5892865784
8124455271
7496238691
7438575994
5164317499
6260906812
1272614878
7958187280
1657721799
7657517954
6122236958
6881492832
6587381658
6413750202
5461335077
5043254413
7951023017
7778535273
6315708097
6916353459
5001740643
7857363618
8116427119
6363993535
6971921366
6162281701
5728432785
6975236204
5850068316
7264101392
5707791911
7416174961
8097350243
6144609908
7342385543
6026519103
1723821070
5790021600
5036826445
8181555307
6665990640
6601671678
7109680789
7363557407
8101751772
7212960662
5480840959
7849471866
6866652235
5047854738
7385700436
6087961306
7643139084
5714423565
7421770686
6114629212
7955319447
6471279173
6265243936
8058324977
5604168066
6644115079
1251740333
6084278118
6208683637
7390039290
8008443601
7382318108
1944948533
5746354665
1008314150
1083508076
5913095212
7804079737
1142753381
6528758954
7857812633
5710836264
6739869782
6152583416
7727729904
5739191966
5516673279
7287731656
7221171918
8195017165
5562986785
7949545865
5293093292
6499711140
6791876081
7280264606
6246984396
7098471672
5363136378
7213474103
5628539492
7801531188
6014999182
6549534552
955359991
6681035268
7368509248
7415030736
7791083552
7099173475
7715141837
1433612827
7749536535
1943004529
5898463144
8137880602
7138692275
8189048279
6318431598
6049916200
7510897176
7780136972
7887490528
6820396996
5504949009
8036908711
6532695345
6561841994
7072811391
6822128622
1946434939
7036941768
6603383885
7028168450
5257061498
7238504265
7928932715
7497492049
7441618979
1116507001
6551510118
2066605947
6299814340
7861405071
7419342091
7692389537
1299340602
7505216346
6770154321
8044239238
7579215616
-1002464448053
-1002670596667
-1002207171065
7602881368
7865151496
6077562055
6695749681
6133876231
7070498359
7752324065
7816368144
7408507694
5657391833
7442452070
7452066681
7876488808
5633817377
5194972367
6344180413
6571812398
8110098333
5204479255
8050750552
7699655454
1795501417
7223709464
2073012656
7074960695
7305631853
7627899641
1197988577
7754340510
5234520250
7594005795
7228359082
7085041146
7914136418
5287331599
5329364402
5599287532
6874225032
7897800785
5166154353
7926364847
6045121321
6993068140
6023750106
5426923184
1298455693
796138694
8148803479
6804220038
6754679401
2079910145
7219794702
7869225848
1665462288
7794302327
6370412473
6937645325
1436676064
1985303160
6582374909
7982708398
6420985031
6842333217
1144918350
7711989394
1554149807
7234498356
6870480949
6146040733
8070365508
7512971209
1949573570
5951636383
7989923303
6580735194
5055065775
7400817518
5891812862
5922213245
2115236546
7928084244
6539362678
7772732944
1562901856
8109238694
7909581187
8114197007
6777289735
6685785924
5277518498
1834508397
7516211296
-1002464448053
-1002670596667
-1002570352396
-1002207171065
