1. 6316257680
2. 6680654524
3. 1935636735
4. 5118983608
5. 1898469864
6. 1978612099
7. 7616399653
8. 6236830155
9. 6592302271
10. 6230419425
11. 5115988724
12. 5885677300
13. 7234640638
14. 5524228900
15. 7286072024
16. 7708752564
17. 5094540706
18. 5958067303
19. 7954079300
20. 8058840199
21. 6288718863
22. 8032858976
23. 7499480252
24. 5747018978
25. 6540862730
26. 7643377661
27. 1218594661
28. 1915912310
29. 7254599822
30. 7129339355
31. 7524363877
32. 6758920904
33. 5194101357
34. 7465563447
35. 5835432530
36. 7521065190
37. 6205852178
38. 1870737887
39. 6057313434
40. 7587655907
41. 2144852565
42. 7742624355
43. 1568205190
44. 7640233535
45. 7296163098
46. 7512825917
47. 7974361539
48. 7322117327
49. 5858131894
50. 5290288419
51. 6326292147
52. 6580888766
53. 5095788294
54. 6573242526
55. 1263779941
56. 7485160740
57. 7653708307
58. 6445736331
59. 6527875571
60. 1494201431
61. 6706334510
62. 1942297602
63. 6559058303
64. 1703700288
65. 1903396321
66. 7177317708
67. 5127810547
68. 6509276806
69. 7644412263
70. 5817434468
71. 5622251855
72. 7978097697
73. 1733442684
74. 7327312553
75. 7851578900
76. 1223005833
77. 7663575949
78. 5263894985
79. 7999915443
80. 7718518781
81. 6897840190
82. 7004350133
83. 5176072048
84. 1406394790
85. 6610722470
86. 5667937970
87. 1540379948
88. 7912011124
89. 7393065205
90. 6437651029
91. 1684519306
92. 6688516257
93. 5078148060
94. 7156373509
95. 6214389789
96. 7665106192
97. 7516489931
98. 6715835833
99. 6134759630
100. 2064737502
101. 2086487568
102. 5995662097
103. 7870525589
104. 6690661393
105. 7122516494
106. 5368741099
107. 6528831327
108. 5351314105
109. 7871214795
110. 7179209090
111. 1559501630
112. 5821496455
113. 5573938697
114. 5889010048
115. 6113529723
116. 1418792692
117. 7054628946
118. 6478843496
119. 5678233555
120. 6030738351
121. 7635763777
122. 5712829878
123. 6849282004
124. 5972237741
125. 7637054532
126. 7006772856
127. 2096697683
128. 6417011998
129. 8178464910
130. 8099395943
131. 6316201527
132. 5023273647
133. 7610375220
134. 7627201309
135. 6854266773
136. 7892954471
137. 6343758821
138. 5542318114
139. 6431456823
140. 5129653905
141. 5737084479
142. 7511422116
143. 5145405542
144. 6391877050
145. 6659250295
146. 6489347120
147. 8047498493
148. 1865066434
149. 5010446093
150. 1029854658
151. 5909527025
152. 7518109634
153. 6675362710
154. 1933987820
155. 7554895436
156. 6530524201
157. 7456085356
158. 5619255948
159. 5151303280
160. 1451825210
161. 6636105702
162. 1684750457
163. 5782872212
164. 6472691873
165. 1428584137
166. 6733949257
167. 6965497106
168. 5257811168
169. 6805860130
170. 7709477330
171. 7773856798
172. 7324169431
173. 1706061875
174. 5584919249
175. 6789582428
176. 1489782872
177. 6461513634
178. 7075666383
179. 7033617303
180. 7285552011
181. 7328702092
182. 5460419982
183. 2112398853
184. 2117204572
185. 6294130877
186. 7057484452
187. 1262980741
188. 7198000799
189. 6852286762
190. 6080037272
191. 8007265412
192. 7509117454
193. 6919736007
194. 7140349310
195. 5844215203
196. 2082293022
197. 7838800516
198. 6386028386
199. 7513327124
200. 1501275987
201. 2132355012
202. 6513060205
203. 7825701734
204. 5954556954
205. 1385443670
206. 7532526070
207. 5856899094
208. 7621592572
209. 6785505583
210. 7689029347
211. 7334317028
212. 5545212809
213. 1405770960
214. 6112939535
215. 8117342319
216. 7681799721
217. 1875293051
218. 5428141499
219. 6583426445
220. 5407885625
221. 6783723570
222. 6038489600
223. 6718532373
224. 5289137645
225. 6167938089
226. 8089203647
227. 5057017309
228. 6456566146
229. 6356779089
230. 7243088240
231. 5610201572
232. 7691138946
233. 6992391715
234. 5439713871
235. 5383653711
236. 5807287933
237. 6651383022
238. 1947902995
239. 6428267104
